4294967279,51
4294967279,50
4294967279,48
4294967279,47
4294967279,44
4294967279,43
4294967279,42
4294967279,41
4294967279,40
4294967279,39
4294967279,38
4294967279,36
4294967279,35
4294967279,34
4294967279,33
4294967279,28
4294967279,25
4294967279,23
4294967279,22
4294967279,21
4294967279,20
4294967279,19
4294967279,17
4294967279,16
4294967279,15
4294967279,14
4294967279,12
4294967279,11
4294967279,10
4294967279,564
4294967294,166
4294967294,398
4294967294,191
4294967294,384
4294967294,190
4294967294,42
4294967294,99
4294967294,76
4294967294,41
4294967294,388
4294967294,394
4294967294,24
4294967294,1
4294967278,369
4294967294,50
4294967294,1416
4294967294,417
4294967294,51
4294967294,104
4294967294,106
4294967294,180
4294967294,175
4294967294,183
4294967294,176
4294967294,1413
4294967294,61
4294967279,563
4294967279,0
4294967294,12
4294967294,82
4294967294,1414
4294967294,83
4294967294,68
4294967294,11
4294967294,5
4294967278,368
4294967278,346
4294967278,0
4294967278,132
4294967278,131
4294967278,130
4294967278,129
4294967278,128
4294967278,127
4294967278,126
4294967278,122
4294967278,120
4294967278,119
4294967278,118
4294967278,117
4294967278,116
4294967278,114
4294967278,112
4294967278,111
4294967278,110
4294967278,109
4294967278,108
4294967278,105
4294967278,103
4294967278,102
4294967278,101
4294967278,100
4294967278,95
4294967278,93
4294967278,91
4294967278,90
4294967278,89
4294967278,85
4294967278,83
4294967278,82
4294967278,81
4294967278,80
4294967278,78
4294967278,75
4294967278,73
4294967278,72
4294967278,71
4294967278,70
4294967278,68
4294967278,332
4294967278,67
4294967278,66
4294967278,65
4294967278,64
4294967278,63
4294967278,62
4294967278,299
4294967278,61
4294967278,60
4294967278,298
4294967278,59
4294967278,58
4294967278,57
4294967279,70
4294967279,67
4294967279,66
4294967279,64
4294967279,62
4294967279,60
4294967279,58
4294967279,526
4294967279,56
4294967279,53
4294967279,288
4294967279,49
4294967279,46
4294967279,45
4294967279,543
4294967279,548
4294967279,37
4294967279,32
4294967279,31
4294967279,30
4294967279,29
4294967279,27
4294967279,26
4294967279,24
4294967279,283
4294967279,18
4294967279,276
4294967279,13
4294967279,512
4294967279,9
4294967279,8
4294967279,274
4294967279,7
4294967279,6
4294967279,5
4294967279,4
4294967278,125
4294967278,314
4294967294,970
4294967278,124
4294967278,347
4294967294,470
4294967278,123
4294967278,312
4294967278,253
4294967278,121
4294967278,250
4294967278,251
4294967278,248
4294967278,246
4294967278,244
49,4
49,3
49,2
49,1
4294967294,8
4294967278,242
4294967278,115
4294967278,239
4294967278,113
4294967278,345
4294967278,234
4294967278,232
4294967278,230
4294967278,228
4294967294,6
4294967294,7
4294967294,22
4294967278,99
4294967294,81
4294967294,89
4294967278,107
4294967278,225
4294967278,106
4294967278,223
4294967278,220
4294967294,393
4294967294,424
4294967294,120
4294967278,104
4294967278,218
4294967278,219
4294967278,216
4294967278,213
4294967278,211
4294967278,212
4294967278,344
4294967278,98
4294967278,343
4294967279,562
4294967278,367
4294967278,97
4294967278,96
4294967278,342
4294967278,207
4294967278,94
4294967278,308
4294967278,205
4294967278,92
4294967278,307
4294967279,561
4294967278,203
4294967278,202
4294967279,560
4294967278,79
4294967278,87
4294967278,341
4294967278,366
4294967278,86
4294967279,559
4294967278,198
4294967294,469
4294967278,197
4294967278,365
4294967278,84
4294967279,558
4294967278,196
4294967278,194
4294967278,192
4294967278,193
4294967278,356
4294967294,2
4294967294,904
4294967294,186
4294967294,17
4294967278,69
4294967278,77
4294967278,305
4294967279,557
4294967294,67
4294967278,76
4294967278,355
4294967278,188
4294967294,427
4294967294,52
4294967294,29
4294967294,28
4294967294,920
4294967294,27
4294967294,946
4294967294,26
4294967294,91
4294967294,87
4294967294,84
4294967294,46
4294967294,0
4294967294,43
0,5
4294967294,25
4294967278,74
4294967278,187
4294967278,338
4294967279,556
4294967279,538
4294967278,186
4294967278,184
4294967294,94
4294967294,93
4294967294,96
4294967278,182
4294967294,95
4294967279,184
44,4
0,7
4294967278,303
44,3
44,2
44,1
4294967278,364
4294967279,555
4294967278,363
4294967278,362
4294967279,554
4294967278,361
4294967278,360
4294967279,553
4294967278,359
4294967278,358
38,4
38,3
38,2
